output_dir: results/test2
with_drone: True
max_time: 100
fps: 4

center_lat: 36.369527
center_lon: 127.362847

distance_rescale: 1

initial_positions: #coordinates : [x,y]
  RED:
    ARTILLERY: [[50,400],[50,400],[50,400],[50,400],[50,400],[50,400]]
    DRONE: [[650,350],[650,350]]
    TANK: [[400,350],[400,350],[400,350],[400,350]]
    ANTI_TANK: [[350,250],[350,250],[400,300],[400,300],[495,220],[505,220]]
    INFANTRY: [
      [350,250],[350,250],[350,250],[350,250],[350,250],[350,250],[350,250],[350,250],
    [400,300],[400,300],[400,300],[400,300],[400,300],[400,300],[400,300],[400,300],
    [500,220],[500,220],[500,220],[500,220],[500,220],[500,220],[500,220],[500,220]
    ]
    COMMAND_POST: [[350,300]]
  BLUE:
    ARTILLERY: [[700,350],[700,350],[700,350],[700,350],[700,350],[700,350]]
    DRONE: [[100,300],[100,300]]
    TANK: [[650,100],[665,100],[660,90],[660,95]]
    ANTI_TANK: [[500,105],[505,105],[650,205],[645,200],[655,155],[650,155]]
    INFANTRY: [
      [495,95],[490,95],[495,100],[490,100],[495,90],[490,90],[485,95],[480,95],

      [650,200],[650,200],[650,200],[650,200],[650,200],[650,200],[650,200],[650,200],
      [650,150],[650,150],[650,150],[650,150],[650,150],[650,150],[650,150],[650,150]
    ]
    COMMAND_POST: [[630,200]]

num_artillery_red: 6
num_artillery_blue: 6
num_drone_red: 2
num_drone_blue: 2
num_tank_red: 4
num_tank_blue: 4
num_at_red: 6
num_at_blue: 6
num_infantry_red: 24
num_infantry_blue: 24
num_cp_red: 1
num_cp_blue: 1