output_dir: results/test2
with_drone: false
max_time: 300
fps: 4

center_lat: 36.369527
center_lon: 127.362847

distance_rescale: 0.2

initial_positions:
  RED:
    ARTILLERY: [[280, 260], [300, 280], [320, 300], [340, 320], [360, 340], [380, 360]]
    DRONE: [[600, 230]]
    TANK: [[580, 300], [600, 300], [620, 300], [640, 300]]
    ANTI_TANK: [[560, 260], [580, 260], [600, 260], [620, 260], [640, 260], [660, 260]]
    INFANTRY: [[345, 340], [365, 340], [385, 340], [405, 340], [425, 340], [345, 360], [365, 360], [385, 360], [405, 360], [425, 360]]
    COMMAND_POST: [[375, 310]]
  BLUE:
    ARTILLERY: [[880, 320], [900, 340], [920, 360], [940, 380], [960, 400], [980, 420]]
    DRONE: [[80, 260]]
    TANK: [[680, 240], [700, 240], [720, 240], [740, 240]]
    ANTI_TANK: [[680, 260], [700, 260], [720, 260], [740, 260], [760, 260], [780, 260]]
    INFANTRY: [[680, 280], [700, 280], [720, 280], [740, 280], [760, 280], [780, 280], [800, 280], [820, 280], [840, 280], [860, 280]]
    COMMAND_POST: [[730, 220]]

num_artillery_red: 6
num_artillery_blue: 6
num_drone_red: 2
num_drone_blue: 2
num_tank_red: 4
num_tank_blue: 4
num_at_red: 6
num_at_blue: 6
num_infantry_red: 24
num_infantry_blue: 24
num_cp_red: 1
num_cp_blue: 1